[0m [38;2;0;0;0m               [0m  [38;2;163;175;177m▄[38;2;123;144;148m▄[0m   [38;2;6;6;6m              [38;2;198;135;100m▄[38;2;203;105;60m▄[38;2;208;140;95;48;2;164;98;67m▄[38;2;203;143;99;48;2;99;49;27m▄[0m[38;2;199;121;78m▄[0m [38;2;64;31;16m [0m
 [38;2;0;0;0m              [0m [38;2;84;90;91;48;2;131;139;140m▄[38;2;159;198;205;48;2;102;102;102m▄[38;2;146;190;198;48;2;172;198;202m▄[0m[38;2;147;189;197m▄[38;2;186;195;196;48;2;113;122;123m▄[0m[38;2;116;133;136m▄[0m [38;2;110;110;110m▄[38;2;197;197;197m▄[38;2;198;198;198m▄[38;2;254;254;254m▄[38;2;248;248;248m▄[0m [38;2;79;79;79m       [0m [38;2;189;153;112;48;2;160;109;79m▄[38;2;220;175;125;48;2;220;175;127m▄[38;2;173;129;74;48;2;217;174;125m▄[38;2;159;115;61;48;2;199;156;107m▄[38;2;164;119;64;48;2;210;166;115m▄[38;2;176;129;74;48;2;188;138;95m▄[0m[38;2;76;57;35m▄[0m
 [38;2;0;0;0m         [0m [38;2;157;160;161m▄[38;2;133;136;136m▄[0m [38;2;210;213;214m▄[38;2;204;219;222;48;2;162;165;165m▄[38;2;164;187;188;48;2;153;185;191m▄[38;2;239;195;160;48;2;156;178;177m▄[38;2;221;154;118;48;2;185;154;132m▄[38;2;221;145;106;48;2;180;176;168m▄[38;2;171;152;136;48;2;162;198;204m▄[38;2;151;183;189;48;2;181;197;199m▄[38;2;206;216;218;48;2;188;189;189m▄[38;2;177;197;200;48;2;236;236;236m▄[38;2;178;202;205;48;2;248;251;252m▄[38;2;243;245;246;48;2;225;232;233m▄[38;2;186;210;214;48;2;243;243;243m▄[48;2;254;254;254m [38;2;243;247;247;48;2;169;169;170m▄[0m [38;2;7;8;8m      [38;2;84;68;50m▄[38;2;231;186;135;48;2;235;191;140m▄[38;2;173;128;72;48;2;189;144;90m▄[38;2;163;118;63;48;2;165;120;64m▄[38;2;168;119;64;48;2;160;115;61m▄[38;2;170;122;65;48;2;158;114;60m▄[38;2;166;120;64;48;2;167;121;64m▄[38;2;135;96;51;48;2;122;88;48m▄[0m
 [38;2;0;0;0m       [38;2;81;81;81m▄[38;2;252;252;252m▄[38;2;254;254;254;48;2;167;167;167m▄[38;2;235;237;237;48;2;249;251;251m▄[38;2;252;252;252;48;2;254;254;254m▄[38;2;221;210;205;48;2;145;125;109m▄[38;2;214;153;124;48;2;180;168;155m▄[38;2;203;142;109;48;2;160;180;177m▄[38;2;211;126;85;48;2;213;177;150m▄[38;2;224;192;173;48;2;225;137;95m▄[38;2;201;153;153;48;2;228;178;149m▄[38;2;179;105;105;48;2;239;216;198m▄[38;2;195;153;149;48;2;199;155;138m▄[38;2;206;150;116;48;2;163;176;170m▄[38;2;164;168;163;48;2;151;193;200m▄[0m[7m[38;2;129;133;134m▄[0m[38;2;180;180;180m▄[38;2;214;214;214;48;2;177;216;222m▄[38;2;251;251;251;48;2;221;232;234m▄[38;2;184;199;201;48;2;254;254;254m▄[0m[7m[38;2;169;185;188m▄[0m [38;2;0;0;0m      [38;2;106;69;45;48;2;83;66;48m▄[38;2;227;182;130;48;2;228;183;131m▄[48;2;170;124;68m [38;2;163;119;63;48;2;164;119;63m▄[38;2;162;117;62;48;2;159;113;60m▄[38;2;166;118;63;48;2;161;114;61m▄[48;2;168;120;64m [38;2;103;73;39;48;2;126;90;48m▄[0m
 [38;2;0;0;0m       [38;2;58;73;76;48;2;162;164;165m▄[38;2;147;191;199;48;2;234;242;243m▄[38;2;183;211;216;48;2;253;254;254m▄[38;2;235;237;237;48;2;210;219;220m▄[38;2;235;241;241;48;2;192;202;204m▄[38;2;165;199;204;48;2;209;215;216m▄[38;2;121;130;131;48;2;178;196;199m▄[38;2;105;98;91;48;2;155;188;194m▄[38;2;190;120;85;48;2;196;132;103m▄[38;2;213;148;123;48;2;192;143;142m▄[38;2;217;156;148;48;2;197;66;74m▄[38;2;235;220;209;48;2;239;157;166m▄[38;2;191;126;95;48;2;205;146;136m▄[38;2;82;85;84;48;2;166;114;86m▄[0m[38;2;173;180;181m▄[38;2;149;182;187;48;2;196;202;203m▄[0m[7m[38;2;215;238;241m▄[38;2;204;233;238m▄[38;2;175;204;208m▄[0m  [38;2;225;238;240;48;2;130;130;130m▄[38;2;199;223;227;48;2;210;210;210m▄[0m[38;2;187;188;188m▄[0m    [38;2;192;136;102;48;2;55;41;30m▄[38;2;226;180;128;48;2;228;182;130m▄[38;2;169;124;67;48;2;171;125;68m▄[48;2;164;119;63m [38;2;163;117;62;48;2;162;117;62m▄[38;2;166;119;64;48;2;161;115;61m▄[38;2;168;120;64;48;2;167;119;64m▄[0m[7m[38;2;72;52;27m▄[0m
 [38;2;0;0;0m       [0m [38;2;247;247;247;48;2;121;147;151m▄[38;2;163;183;187;48;2;146;190;198m▄[38;2;144;187;195;48;2;182;211;216m▄[38;2;192;217;221;48;2;224;233;235m▄[0m[38;2;246;246;247m▄[38;2;227;234;235m▄[38;2;222;229;230m▄[38;2;219;219;219;48;2;84;74;69m▄[0m[7m[38;2;129;104;92m▄[38;2;177;104;69m▄[0m[38;2;244;152;107;48;2;204;104;60m▄[38;2;253;203;165;48;2;182;99;61m▄[38;2;223;212;204;48;2;121;121;121m▄[38;2;197;209;211;48;2;182;202;205m▄[38;2;251;252;252;48;2;249;251;251m▄[38;2;236;240;240;48;2;245;245;245m▄[0m[38;2;201;201;201m▄[0m  [38;2;237;245;247;48;2;219;219;219m▄[38;2;163;191;195;48;2;215;229;231m▄[38;2;207;220;222;48;2;212;220;222m▄[38;2;194;202;203;48;2;240;245;246m▄[38;2;150;131;115;48;2;157;179;182m▄[0m[38;2;234;191;156m▄[38;2;254;208;170;48;2;104;84;68m▄[48;2;234;191;156m▄[38;2;224;159;116;48;2;223;156;116m▄[38;2;214;169;117;48;2;223;177;125m▄[38;2;160;116;62;48;2;168;122;66m▄[38;2;162;117;62;48;2;162;118;62m▄[48;2;163;118;63m [48;2;166;120;64m [38;2;127;92;48;48;2;165;119;63m▄[0m [0m
 [38;2;0;0;0m      [0m [38;2;219;233;235;48;2;138;144;146m▄[38;2;200;216;219;48;2;218;229;231m▄[38;2;246;250;250;48;2;212;222;224m▄[38;2;247;247;247;48;2;171;184;186m▄[38;2;214;227;229;48;2;141;179;185m▄[38;2;128;169;175;48;2;183;212;217m▄[38;2;143;184;192;48;2;242;247;247m▄[38;2;171;195;199;48;2;254;254;254m▄[38;2;225;229;229;48;2;221;221;221m▄[38;2;182;202;197;48;2;177;187;189m▄[38;2;208;188;174;48;2;189;124;92m▄[38;2;234;172;144;48;2;249;196;158m▄[38;2;219;146;126;48;2;249;199;162m▄[38;2;220;131;117;48;2;205;174;150m▄[38;2;166;159;159;48;2;233;237;237m▄[38;2;173;197;200;48;2;241;242;243m▄[38;2;140;177;183;48;2;154;180;184m▄[38;2;200;216;219;48;2;253;253;253m▄[38;2;241;242;243;48;2;161;161;161m▄[38;2;193;202;203;48;2;191;203;205m▄[38;2;246;246;246;48;2;203;217;219m▄[38;2;216;216;216;48;2;247;247;247m▄[38;2;193;168;151;48;2;203;203;203m▄[38;2;254;208;170;48;2;203;176;155m▄[48;2;254;208;170m [38;2;251;190;150m▄[38;2;239;137;90;48;2;244;190;152m▄[38;2;225;124;79;48;2;253;203;165m▄[38;2;206;151;106;48;2;216;149;104m▄[38;2;198;152;97;48;2;206;160;106m▄[38;2;164;119;63;48;2;163;119;63m▄[38;2;158;114;60;48;2;157;114;60m▄[48;2;164;119;63m [38;2;169;122;65;48;2;167;121;64m▄[0m[7m[38;2;86;62;32m▄[0m[38;2;38;28;14m [0m
 [38;2;0;0;0m   [0m  [38;2;0;0;0m [0m [38;2;243;246;246;48;2;238;238;238m▄[38;2;238;247;249;48;2;252;253;253m▄[38;2;215;237;241;48;2;254;254;254m▄[38;2;181;222;228;48;2;250;252;253m▄[0m[7m[38;2;169;206;212m▄[0m  [38;2;207;214;216;48;2;134;152;155m▄[38;2;198;216;219;48;2;223;235;237m▄[38;2;235;224;193;48;2;203;196;151m▄[38;2;190;187;172;48;2;206;204;191m▄[38;2;206;93;85;48;2;224;101;101m▄[38;2;221;101;99;48;2;237;107;107m▄[38;2;194;134;105;48;2;229;123;113m▄[38;2;221;154;116;48;2;193;132;101m▄[38;2;218;163;129;48;2;206;173;146m▄[38;2;232;172;135;48;2;201;179;155m▄[38;2;223;156;119;48;2;185;175;158m▄[38;2;215;155;121;48;2;188;183;172m▄[38;2;212;194;184;48;2;218;220;219m▄[38;2;239;239;239;48;2;249;249;249m▄[38;2;208;123;87;48;2;185;160;150m▄[38;2;240;131;82;48;2;242;162;119m▄[38;2;246;162;118;48;2;254;208;170m▄[38;2;237;117;66;48;2;247;170;127m▄[38;2;221;111;64;48;2;237;117;66m▄[38;2;168;141;130;48;2;236;115;64m▄[38;2;245;245;245;48;2;197;101;61m▄[38;2;102;92;81;48;2;191;139;97m▄[38;2;199;155;104;48;2;197;151;97m▄[38;2;164;119;63;48;2;163;118;63m▄[48;2;160;116;61m▄[38;2;166;121;64;48;2;162;118;62m▄[0m[7m[38;2;146;106;56m▄[0m [38;2;0;0;0m [0m
  [38;2;166;101;69m▄[38;2;218;109;62;48;2;110;79;61m▄[38;2;198;117;77;48;2;110;85;67m▄[38;2;224;110;61;48;2;213;160;126m▄[0m[38;2;154;102;75m▄ [0m    [38;2;165;170;170m▄[38;2;202;220;222;48;2;195;211;214m▄[38;2;111;126;128;48;2;215;238;241m▄[38;2;160;185;189;48;2;177;201;205m▄[38;2;198;218;222;48;2;238;240;240m▄[38;2;190;175;112;48;2;213;206;176m▄[38;2;139;147;151;48;2;151;162;156m▄[38;2;199;95;70;48;2;220;100;91m▄[38;2;220;147;110;48;2;200;95;90m▄[38;2;195;107;68;48;2;186;131;100m▄[38;2;212;113;69;48;2;185;105;84m▄[38;2;190;92;55;48;2;183;120;93m▄[38;2;109;43;101;48;2;153;163;150m▄[38;2;124;46;148;48;2;153;189;196m▄[38;2;167;129;186;48;2;149;183;189m▄[38;2;180;193;195;48;2;215;220;221m▄[38;2;254;254;254;48;2;252;252;252m▄[38;2;217;188;176;48;2;206;128;95m▄[38;2;233;114;63;48;2;237;116;65m▄ [38;2;187;111;79;48;2;235;115;64m▄[38;2;144;144;144;48;2;147;119;107m▄[48;2;150;150;150m [38;2;187;187;187;48;2;206;206;206m▄[0m[38;2;131;131;131m▄[0m [7m[38;2;93;68;36m▄[38;2;109;79;41m▄[0m  [38;2;0;0;0m  [0m
[38;2;77;40;24m▄[38;2;195;150;103;48;2;186;105;67m▄[38;2;190;147;95;48;2;209;148;103m▄[38;2;188;143;89;48;2;224;181;132m▄[38;2;198;153;100;48;2;236;191;140m▄[38;2;221;176;125;48;2;217;173;126m▄[38;2;236;191;140;48;2;164;109;73m▄[0m[38;2;140;100;70m▄[0m [38;2;165;165;165m▄[38;2;223;223;223;48;2;192;192;192m▄[38;2;202;202;202;48;2;250;250;250m▄[38;2;181;181;181;48;2;245;245;245m▄[38;2;204;204;204;48;2;252;252;252m▄[38;2;233;233;233;48;2;253;253;253m▄[38;2;252;252;252;48;2;172;190;193m▄[38;2;195;198;198;48;2;193;173;95m▄[38;2;149;167;179;48;2;168;179;176m▄[38;2;143;62;136;48;2;157;153;146m▄[38;2;145;24;139;48;2;227;123;77m▄[38;2;121;9;139;48;2;206;112;106m▄[38;2;90;6;107;48;2;186;62;118m▄[38;2;112;8;130;48;2;160;29;143m▄[38;2;106;7;123;48;2;148;11;161m▄[38;2;114;8;130;48;2;135;10;152m▄[38;2;152;91;164;48;2;115;9;132m▄[38;2;228;237;238;48;2;179;164;196m▄[38;2;173;197;201;48;2;156;179;183m▄[38;2;186;202;205;48;2;254;254;254m▄[38;2;243;243;243;48;2;236;236;236m▄[38;2;214;214;214;48;2;203;169;155m▄[38;2;213;213;213;48;2;212;121;84m▄[38;2;187;187;187;48;2;147;128;120m▄[38;2;202;202;202;48;2;136;136;136m▄[38;2;190;190;190;48;2;174;174;174m▄[38;2;195;195;195;48;2;188;188;188m▄[0m[7m[38;2;151;151;151m▄[0m[38;2;56;56;56m       [0m
[38;2;115;84;45;48;2;79;60;38m▄[38;2;167;122;65;48;2;172;127;71m▄[48;2;163;118;63m▄[38;2;158;115;61m▄[38;2;168;122;65;48;2;163;119;63m▄[38;2;163;118;63;48;2;174;128;71m▄[38;2;178;131;74;48;2;212;167;114m▄[38;2;227;182;131;48;2;226;183;134m▄[38;2;163;122;86;48;2;143;105;82m▄[38;2;125;119;114;48;2;213;213;213m▄[38;2;141;130;123;48;2;174;174;174m▄[38;2;232;187;152;48;2;142;124;117m▄[38;2;254;208;170;48;2;217;125;85m▄[48;2;222;132;91m▄[38;2;243;143;96;48;2;198;154;136m▄[38;2;198;159;142;48;2;226;226;226m▄[38;2;241;241;241;48;2;240;240;240m▄[38;2;179;186;188;48;2;147;122;165m▄[38;2;217;207;218;48;2;100;9;119m▄[38;2;188;147;193;48;2;122;9;139m▄[38;2;173;167;180;48;2;123;12;136m▄[38;2;157;175;179;48;2;124;59;145m▄[38;2;150;174;178;48;2;109;99;135m▄[38;2;153;185;190;48;2;139;153;164m▄[38;2;190;210;213;48;2;128;147;158m▄[38;2;247;248;249;48;2;225;223;229m▄[48;2;254;254;254m [38;2;238;244;245;48;2;232;240;241m▄[38;2;158;197;204;48;2;154;193;200m▄[38;2;146;190;198;48;2;141;180;187m▄[48;2;176;186;187m▄[38;2;136;173;180;48;2;203;203;203m▄[38;2;143;167;171;48;2;214;214;214m▄[38;2;111;116;117m▄[0m[7m[38;2;193;193;193m▄[38;2;80;80;80m▄[0m[38;2;0;0;0m        [0m
[38;2;112;81;43;48;2;126;91;49m▄[38;2;170;124;66;48;2;171;124;66m▄[38;2;167;121;65;48;2;163;118;63m▄[38;2;165;120;64;48;2;166;121;64m▄[38;2;161;116;62;48;2;161;117;62m▄[38;2;167;121;65;48;2;166;121;64m▄[38;2;167;121;64;48;2;166;120;64m▄[38;2;174;128;71;48;2;200;154;99m▄[38;2;231;185;134;48;2;216;175;128m▄[38;2;177;120;85;48;2;134;108;87m▄[48;2;254;208;170m  [38;2;254;207;168m▄[38;2;242;142;95;48;2;253;201;163m▄[38;2;237;116;65;48;2;239;123;73m▄[38;2;230;115;66;48;2;213;121;83m▄[38;2;213;213;213;48;2;230;230;230m▄[38;2;236;236;236;48;2;223;226;227m▄[38;2;254;254;254;48;2;232;233;234m▄[38;2;240;243;243;48;2;226;226;227m▄[38;2;234;234;234;48;2;248;248;248m▄[38;2;234;238;239;48;2;223;229;230m▄[38;2;232;239;241;48;2;152;182;187m▄[38;2;217;228;230;48;2;207;220;222m▄[38;2;184;207;211;48;2;205;216;217m▄[38;2;167;202;208;48;2;244;248;248m▄[38;2;146;190;198;48;2;213;229;232m▄[48;2;154;195;202m▄[38;2;147;189;197;48;2;146;190;198m▄[38;2;133;172;179;48;2;145;189;197m▄[38;2;70;86;96;48;2;134;174;181m▄[38;2;46;6;64;48;2;96;121;132m▄[38;2;67;5;88;48;2;56;29;79m▄[38;2;124;9;141;48;2;43;3;55m▄[0m [38;2;25;2;28m         [0m
[7m[38;2;68;49;26m▄[0m[38;2;160;116;61;48;2;171;124;67m▄[38;2;165;120;64;48;2;169;122;65m▄[38;2;171;125;67;48;2;162;117;62m▄[38;2;160;116;62;48;2;169;123;66m▄[38;2;168;122;65;48;2;161;117;62m▄[38;2;159;115;61;48;2;168;122;65m▄[38;2;167;121;65;48;2;166;120;64m▄[38;2;183;137;82;48;2;210;164;111m▄[38;2;203;155;110;48;2;202;140;98m▄[38;2;247;176;135;48;2;254;208;170m▄[38;2;232;173;135;48;2;239;194;158m▄[38;2;234;115;65;48;2;241;156;112m▄[38;2;232;113;63;48;2;237;116;65m▄[38;2;186;111;79m▄[38;2;173;141;128;48;2;215;109;65m▄[38;2;228;228;228;48;2;221;221;221m▄[38;2;189;204;206;48;2;225;227;227m▄[38;2;147;190;198;48;2;229;239;241m▄[38;2;153;194;201;48;2;250;252;252m▄[38;2;178;209;214;48;2;239;241;242m▄[38;2;193;213;216;48;2;244;245;246m▄[38;2;177;202;206;48;2;239;244;245m▄[38;2;146;190;198;48;2;152;193;201m▄[48;2;146;190;198m  [38;2;146;189;197m▄[38;2;93;121;127m▄[0m[7m[38;2;125;161;168m▄[0m   [38;2;109;8;124;48;2;82;6;96m▄[38;2;141;11;160;48;2;132;10;150m▄[0m [38;2;51;4;57m         [0m
 [7m[38;2;68;49;25m▄[0m[38;2;115;83;43;48;2;172;125;67m▄[38;2;171;124;66;48;2;164;119;63m▄[38;2;166;121;64;48;2;169;122;65m▄[38;2;164;119;63;48;2;161;117;62m▄[38;2;165;120;64;48;2;163;118;63m▄[38;2;159;115;61;48;2;165;120;64m▄[38;2;166;120;64;48;2;167;121;65m▄[38;2;188;142;87;48;2;218;172;120m▄[38;2;202;144;99;48;2;207;110;65m▄[38;2;236;116;65;48;2;234;114;64m▄[38;2;195;119;87;48;2;229;112;63m▄[38;2;154;154;154;48;2;146;120;109m▄[38;2;174;173;173;48;2;139;139;139m▄[38;2;193;193;193;48;2;177;177;177m▄[38;2;189;196;197;48;2;228;228;228m▄[38;2;128;165;172;48;2;167;192;196m▄[38;2;142;185;192;48;2;146;190;198m▄[38;2;144;188;196m▄[38;2;145;189;196m▄[38;2;137;179;186m▄[38;2;123;160;167;48;2;140;182;190m▄[38;2;93;118;123;48;2;146;190;198m▄[0m[7m[38;2;147;191;198m▄[38;2;119;155;161m▄[0m [38;2;100;8;111;48;2;62;4;68m▄[38;2;154;12;172;48;2;112;8;125m▄[38;2;134;10;152;48;2;96;7;106m▄[0m[38;2;122;9;140m▄[38;2;112;8;130;48;2;88;6;100m▄[38;2;166;13;184;48;2;132;10;149m▄[38;2;93;7;108;48;2;157;12;175m▄[0m [38;2;0;0;0m         [0m
 [38;2;0;0;0m [0m [7m[38;2;136;99;52m▄[0m[38;2;145;105;56;48;2;169;123;66m▄[48;2;168;122;65m [38;2;163;119;63;48;2;164;119;63m▄[38;2;164;119;63;48;2;159;116;61m▄[38;2;160;116;61;48;2;165;120;64m▄[38;2;164;119;63;48;2;166;121;65m▄[38;2;176;129;72;48;2;207;162;108m▄[38;2;208;162;113;48;2;201;116;72m▄[38;2;188;135;110;48;2;191;129;103m▄[38;2;192;192;192;48;2;194;194;194m▄[38;2;189;189;189;48;2;191;191;191m▄[38;2;102;102;102;48;2;192;192;192m▄[0m[7m[38;2;130;151;154m▄[38;2;87;114;119m▄[38;2;70;92;96m▄[0m    [38;2;0;0;0m    [0m [38;2;26;2;35;48;2;163;13;181m▄[38;2;64;4;74;48;2;166;13;184m▄[38;2;129;10;147;48;2;163;13;181m▄[38;2;105;8;125;48;2;161;12;178m▄[0m[7m[38;2;137;11;156m▄[0m [38;2;0;0;0m          [0m
 [38;2;0;0;0m   [0m [7m[38;2;152;110;58m▄[0m[38;2;159;115;61;48;2;166;121;64m▄[38;2;170;123;66;48;2;162;118;63m▄[38;2;166;121;64;48;2;162;118;62m▄[38;2;161;117;62;48;2;167;121;65m▄[38;2;162;117;62;48;2;163;119;63m▄[38;2;171;127;73;48;2;194;149;93m▄[38;2;105;84;60;48;2;113;93;72m▄[0m   [38;2;0;0;0m             [0m [7m[38;2;27;2;38m▄[0m [38;2;0;0;0m            [0m
 [38;2;0;0;0m     [0m [7m[38;2;162;117;62m▄[0m[38;2;108;78;41;48;2;164;119;63m▄[38;2;123;89;47;48;2;160;116;61m▄[38;2;108;78;41;48;2;163;118;63m▄[0m[7m[38;2;174;128;72m▄[0m [38;2;0;0;0m                               [0m
